1.000002026557922363e+00 7.134730694815516472e-04 1.054644118994474411e-03 8.894565515220165253e-03 -7.149291923269629478e-04 1.000000834465026855e+00 -2.395185729255899787e-04 -1.131978002376854420e-03 -1.053180312737822533e-03 2.368966524954885244e-04 1.000002741813659668e+00 -1.433930277824401855e+00 0.000000000000000000e+00 0.000000000000000000e+00 0.000000000000000000e+00 1.000000000000000000e+00
1.000002980232238770e+00 6.976398290134966373e-04 -2.013483084738254547e-03 5.384820979088544846e-03 -6.939048180356621742e-04 9.999994039535522461e-01 2.239207271486520767e-03 1.327833859249949455e-03 2.016785787418484688e-03 -2.239749301224946976e-03 9.999990463256835938e-01 -1.187133669853210449e+00 0.000000000000000000e+00 0.000000000000000000e+00 0.000000000000000000e+00 1.000000000000000000e+00
9.999220371246337891e-01 2.237885026261210442e-03 1.223511714488267899e-02 6.406654138118028641e-03 -2.255195286124944687e-03 9.999989867210388184e-01 1.354196341708302498e-03 -1.339114829897880554e-02 -1.223095133900642395e-02 -1.387463300488889217e-03 9.999266266822814941e-01 -3.210674822330474854e-01 0.000000000000000000e+00 0.000000000000000000e+00 0.000000000000000000e+00 1.000000000000000000e+00
9.999654889106750488e-01 -6.216113106347620487e-04 8.108966983854770660e-03 8.642335422337055206e-03 6.195115274749696255e-04 9.999988675117492676e-01 2.870965108741074800e-04 8.478367817588150501e-04 -8.109529502689838409e-03 -2.812756574712693691e-04 9.999664425849914551e-01 -4.275833964347839355e-01 0.000000000000000000e+00 0.000000000000000000e+00 0.000000000000000000e+00 1.000000000000000000e+00
1.000001668930053711e+00 8.583237649872899055e-04 3.933037805836647749e-04 1.952054793946444988e-03 -8.571998914703726768e-04 9.999978542327880859e-01 7.849400572013109922e-05 4.842380876652896404e-04 -3.938461013603955507e-04 -7.575451309094205499e-05 1.000001192092895508e+00 -5.548455119132995605e-01 0.000000000000000000e+00 0.000000000000000000e+00 0.000000000000000000e+00 1.000000000000000000e+00
1.000000357627868652e+00 -5.174681427888572216e-04 7.479261839762330055e-04 1.362392213195562363e-03 5.175875849090516567e-04 9.999998211860656738e-01 1.444138470105826855e-04 7.500522769987583160e-04 -7.476787432096898556e-04 -1.412769925082102418e-04 9.999997019767761230e-01 -6.676596999168395996e-01 0.000000000000000000e+00 0.000000000000000000e+00 0.000000000000000000e+00 1.000000000000000000e+00
9.999962449073791504e-01 4.399294266477227211e-04 2.958134980872273445e-03 3.825816558673977852e-03 -4.434616130311042070e-04 1.000001549720764160e+00 1.360270893201231956e-03 -1.848970190621912479e-03 -2.956736600026488304e-03 -1.363048795610666275e-03 9.999943971633911133e-01 -6.550402045249938965e-01 0.000000000000000000e+00 0.000000000000000000e+00 0.000000000000000000e+00 1.000000000000000000e+00
1.000001668930053711e+00 -8.381271618418395519e-05 8.818735950626432896e-04 3.993286751210689545e-03 8.350455755135044456e-05 1.000000238418579102e+00 3.181607462465763092e-04 4.707678221166133881e-03 -8.819222566671669483e-04 -3.222325467504560947e-04 1.000002622604370117e+00 -7.688719630241394043e-01 0.000000000000000000e+00 0.000000000000000000e+00 0.000000000000000000e+00 1.000000000000000000e+00
9.999948143959045410e-01 1.069271471351385117e-03 3.441930515691637993e-03 3.632160369306802750e-03 -1.061135204508900642e-03 9.999973177909851074e-01 -2.208649879321455956e-03 4.969066940248012543e-03 -3.444423433393239975e-03 2.207114594057202339e-03 9.999921917915344238e-01 -6.416074037551879883e-01 0.000000000000000000e+00 0.000000000000000000e+00 0.000000000000000000e+00 1.000000000000000000e+00
9.999995231628417969e-01 -1.587525708600878716e-03 -8.167048799805343151e-04 4.460832104086875916e-03 1.588024315424263477e-03 1.000000238418579102e+00 6.830077618360519409e-04 2.019855426624417305e-03 8.153076632879674435e-04 -6.858279812149703503e-04 9.999983310699462891e-01 -4.557889699935913086e-01 0.000000000000000000e+00 0.000000000000000000e+00 0.000000000000000000e+00 1.000000000000000000e+00
9.999962449073791504e-01 -4.530065052676945925e-04 -2.199835842475295067e-03 5.131476791575551033e-04 4.518743080552667379e-04 1.000001549720764160e+00 -8.004585979506373405e-04 3.034215187653899193e-03 2.200352028012275696e-03 8.032611804082989693e-04 9.999975562095642090e-01 -2.318650484085083008e-01 0.000000000000000000e+00 0.000000000000000000e+00 0.000000000000000000e+00 1.000000000000000000e+00
9.999985098838806152e-01 1.054462511092424393e-03 -8.487457525916397572e-04 -3.493494121357798576e-03 -1.053837244398891926e-03 9.999968409538269043e-01 6.966291693970561028e-04 4.126141720917075872e-05 8.496918017044663429e-04 -6.945944041945040226e-04 9.999986290931701660e-01 -8.830063790082931519e-02 0.000000000000000000e+00 0.000000000000000000e+00 0.000000000000000000e+00 1.000000000000000000e+00
9.999999403953552246e-01 9.858654266281519085e-07 -1.300376624158161576e-07 -1.488217549194814637e-08 -4.214835769289493328e-07 1.000000476837158203e+00 -9.968765368739695987e-08 -3.218648089386988431e-06 -2.164029808682244038e-07 6.557753749802941456e-06 1.000001549720764160e+00 -7.820138853276148438e-05 0.000000000000000000e+00 0.000000000000000000e+00 0.000000000000000000e+00 1.000000000000000000e+00
9.999996423721313477e-01 4.219647962599992752e-04 -6.526985089294612408e-05 1.809685491025447845e-03 -4.214031214360147715e-04 1.000000715255737305e+00 4.655110387830063701e-05 2.491253893822431564e-03 6.391795614035800099e-05 -4.685243766289204359e-05 1.000001192092895508e+00 -2.980711460113525391e-01 0.000000000000000000e+00 0.000000000000000000e+00 0.000000000000000000e+00 1.000000000000000000e+00
1.000000596046447754e+00 -5.005837010685354471e-05 3.974782885052263737e-05 1.462439657188951969e-03 5.039482857682742178e-05 1.000000119209289551e+00 -4.874694423051550984e-05 6.793351349188014865e-05 -3.931581159122288227e-05 4.790749881067313254e-05 9.999996423721313477e-01 -1.225604414939880371e-01 0.000000000000000000e+00 0.000000000000000000e+00 0.000000000000000000e+00 1.000000000000000000e+00
1.000001072883605957e+00 7.854466821299865842e-05 -1.956652413355186582e-04 -1.518183416919782758e-04 -7.829238165868446231e-05 9.999994039535522461e-01 -7.274905510712414980e-05 2.006768016144633293e-03 1.952474267454817891e-04 7.387126242974773049e-05 9.999991059303283691e-01 -6.988424062728881836e-02 0.000000000000000000e+00 0.000000000000000000e+00 0.000000000000000000e+00 1.000000000000000000e+00
9.999998807907104492e-01 3.617989204940386117e-05 -8.179870928870514035e-05 -3.745827416423708200e-04 -3.591345011955127120e-05 1.000000000000000000e+00 -6.207597471075132489e-05 6.594740552827715874e-04 8.163273014361038804e-05 6.225393008207902312e-05 1.000000715255737305e+00 -4.087546467781066895e-02 0.000000000000000000e+00 0.000000000000000000e+00 0.000000000000000000e+00 1.000000000000000000e+00
1.000000119209289551e+00 3.848546441531652818e-07 1.808957250659659621e-08 -2.741816388152074069e-06 -2.142714379260723945e-07 9.999998807907104492e-01 -1.518505143849324668e-07 2.384193180660076905e-07 1.565777694167991285e-07 6.369502898451173678e-06 9.999974966049194336e-01 1.144411362474784255e-05 0.000000000000000000e+00 0.000000000000000000e+00 0.000000000000000000e+00 1.000000000000000000e+00
9.999985694885253906e-01 -4.193613422103226185e-04 1.000222750008106232e-03 7.958041504025459290e-03 4.195268265902996063e-04 1.000000596046447754e+00 -3.820629499386996031e-04 4.388587549328804016e-04 -9.994709398597478867e-04 3.817007236648350954e-04 9.999994635581970215e-01 -1.215116262435913086e+00 0.000000000000000000e+00 0.000000000000000000e+00 0.000000000000000000e+00 1.000000000000000000e+00
1.000000119209289551e+00 -1.739121653372421861e-04 1.532953931018710136e-03 3.876344067975878716e-03 1.722124143270775676e-04 9.999998807907104492e-01 1.013976172544062138e-03 -7.736448314972221851e-04 -1.532655674964189529e-03 -1.016620430164039135e-03 1.000000715255737305e+00 -1.180601477622985840e+00 0.000000000000000000e+00 0.000000000000000000e+00 0.000000000000000000e+00 1.000000000000000000e+00
9.999945759773254395e-01 -8.049707685131579638e-05 -4.289402160793542862e-03 7.293943315744400024e-03 8.318240725202485919e-05 1.000001072883605957e+00 1.018963987007737160e-03 -3.120890352874994278e-03 4.290137905627489090e-03 -1.023304765112698078e-03 9.999949336051940918e-01 -1.121243357658386230e+00 0.000000000000000000e+00 0.000000000000000000e+00 0.000000000000000000e+00 1.000000000000000000e+00
9.999976754188537598e-01 -4.382844490464776754e-04 2.247072057798504829e-03 6.985538639128208160e-03 4.372550756670534611e-04 1.000000000000000000e+00 3.912221000064164400e-04 -3.951104357838630676e-03 -2.248339122161269188e-03 -3.889947547577321529e-04 9.999976158142089844e-01 -1.185868024826049805e+00 0.000000000000000000e+00 0.000000000000000000e+00 0.000000000000000000e+00 1.000000000000000000e+00
9.996518492698669434e-01 2.793324529193341732e-05 -2.648234739899635315e-02 -9.073283523321151733e-03 7.104320047801593319e-06 9.999985694885253906e-01 1.325363758951425552e-03 6.539887748658657074e-03 2.648237347602844238e-02 -1.324833487160503864e-03 9.996486902236938477e-01 -6.309569478034973145e-01 0.000000000000000000e+00 0.000000000000000000e+00 0.000000000000000000e+00 1.000000000000000000e+00
9.991317987442016602e-01 3.203521016985177994e-03 -4.152293130755424500e-02 -2.293744310736656189e-02 -3.156009363010525703e-03 9.999961256980895996e-01 1.207382068969309330e-03 2.245622454211115837e-03 4.152680560946464539e-02 -1.077216933481395245e-03 9.991375207901000977e-01 -5.917647480964660645e-01 0.000000000000000000e+00 0.000000000000000000e+00 0.000000000000000000e+00 1.000000000000000000e+00
9.985599517822265625e-01 -3.288977779448032379e-03 -5.353795737028121948e-02 -1.223921030759811401e-02 3.213973017409443855e-03 9.999934434890747070e-01 -1.484774285927414894e-03 -3.682929091155529022e-03 5.354226008057594299e-02 1.308986567892134190e-03 9.985634088516235352e-01 -6.489306688308715820e-01 0.000000000000000000e+00 0.000000000000000000e+00 0.000000000000000000e+00 1.000000000000000000e+00
1.000000715255737305e+00 3.206657856935635209e-05 1.045977231115102768e-03 4.645426757633686066e-03 -3.276262214058078825e-05 9.999973177909851074e-01 1.838580006733536720e-03 -1.106398273259401321e-02 -1.045871526002883911e-03 -1.836808281950652599e-03 9.999988079071044922e-01 -9.444345235824584961e-01 0.000000000000000000e+00 0.000000000000000000e+00 0.000000000000000000e+00 1.000000000000000000e+00
9.999954700469970703e-01 -1.520568155683577061e-03 2.654129173606634140e-03 7.615075446665287018e-03 1.527991378679871559e-03 9.999957084655761719e-01 -2.800387796014547348e-03 -4.833041224628686905e-03 -2.649823436513543129e-03 2.803371753543615341e-03 9.999935030937194824e-01 -1.087401270866394043e+00 0.000000000000000000e+00 0.000000000000000000e+00 0.000000000000000000e+00 1.000000000000000000e+00
9.999973177909851074e-01 -8.325383532792329788e-04 1.637009321711957455e-03 4.742815159261226654e-03 8.324432419613003731e-04 1.000003695487976074e+00 -7.806788780726492405e-04 -4.469851031899452209e-03 -1.635116990655660629e-03 7.776403217576444149e-04 9.999991655349731445e-01 -1.417547106742858887e+00 0.000000000000000000e+00 0.000000000000000000e+00 0.000000000000000000e+00 1.000000000000000000e+00
9.999960660934448242e-01 -2.846592571586370468e-03 4.809935926459729671e-04 9.330813772976398468e-03 2.846428193151950836e-03 9.999988675117492676e-01 3.415758255869150162e-04 -5.759858060628175735e-03 -4.816783184651285410e-04 -3.369706100784242153e-04 1.000002980232238770e+00 -1.463179707527160645e+00 0.000000000000000000e+00 0.000000000000000000e+00 0.000000000000000000e+00 1.000000000000000000e+00
1.000001668930053711e+00 -7.389036909444257617e-05 -2.682692429516464472e-04 6.130684632807970047e-03 7.237802492454648018e-05 9.999958872795104980e-01 -2.650753827765583992e-03 2.757356269285082817e-03 2.681207261048257351e-04 2.651069778949022293e-03 9.999977946281433105e-01 -1.446872115135192871e+00 0.000000000000000000e+00 0.000000000000000000e+00 0.000000000000000000e+00 1.000000000000000000e+00
9.999979734420776367e-01 4.142411344218999147e-04 2.950615598820149899e-04 2.320324769243597984e-03 -4.138715157750993967e-04 9.999932646751403809e-01 3.271722700446844101e-03 -8.391823619604110718e-03 -2.936267410404980183e-04 -3.270286833867430687e-03 9.999939799308776855e-01 -1.402551412582397461e+00 0.000000000000000000e+00 0.000000000000000000e+00 0.000000000000000000e+00 1.000000000000000000e+00
9.999962449073791504e-01 2.246712334454059601e-03 1.462500775232911110e-03 7.557913195341825485e-04 -2.245485549792647362e-03 9.999980926513671875e-01 -4.332865937612950802e-04 -3.375920467078685760e-03 -1.463247113861143589e-03 4.286078619770705700e-04 1.000000953674316406e+00 -1.425196409225463867e+00 0.000000000000000000e+00 0.000000000000000000e+00 0.000000000000000000e+00 1.000000000000000000e+00
1.000000357627868652e+00 -3.631707513704895973e-04 -4.201586998533457518e-04 6.281203590333461761e-03 3.614633169490844011e-04 9.999901652336120605e-01 -4.320357460528612137e-03 -3.353098640218377113e-03 4.206331504974514246e-04 4.321564454585313797e-03 9.999921321868896484e-01 -1.454885601997375488e+00 0.000000000000000000e+00 0.000000000000000000e+00 0.000000000000000000e+00 1.000000000000000000e+00
1.000001072883605957e+00 4.064235690748319030e-05 4.625115616363473237e-05 5.646172910928726196e-03 -4.028550392831675708e-05 1.000001072883605957e+00 -8.107692119665443897e-04 -8.959351107478141785e-03 -4.607561641023494303e-05 8.116060052998363972e-04 1.000000476837158203e+00 -1.548490285873413086e+00 0.000000000000000000e+00 0.000000000000000000e+00 0.000000000000000000e+00 1.000000000000000000e+00
1.000000834465026855e+00 2.703416103031486273e-04 9.485865011811256409e-04 4.631989635527133942e-03 -2.696851151995360851e-04 1.000001788139343262e+00 6.323535344563424587e-04 -6.706379819661378860e-03 -9.496200946159660816e-04 -6.348319584503769875e-04 1.000000834465026855e+00 -1.136649489402770996e+00 0.000000000000000000e+00 0.000000000000000000e+00 0.000000000000000000e+00 1.000000000000000000e+00
9.999985098838806152e-01 -1.651547034271061420e-03 2.109053748426958919e-04 1.041627302765846252e-02 1.651346334256231785e-03 1.000001072883605957e+00 -9.475762635702267289e-05 -8.883827365934848785e-03 -2.106660394929349422e-04 9.796524682315066457e-05 1.000002145767211914e+00 -1.228850126266479492e+00 0.000000000000000000e+00 0.000000000000000000e+00 0.000000000000000000e+00 1.000000000000000000e+00
9.999972581863403320e-01 -2.232068916782736778e-03 5.448346491903066635e-04 9.490899741649627686e-03 2.231889404356479645e-03 9.999932646751403809e-01 2.095148200169205666e-03 -7.842237129807472229e-03 -5.505094304680824280e-04 -2.088850596919655800e-03 9.999946355819702148e-01 -1.311597228050231934e+00 0.000000000000000000e+00 0.000000000000000000e+00 0.000000000000000000e+00 1.000000000000000000e+00
9.999994039535522461e-01 1.101014902815222740e-03 5.394443287514150143e-04 5.696350708603858948e-03 -1.102362642996013165e-03 1.000001430511474609e+00 1.552088884636759758e-03 -1.124719344079494476e-02 -5.363595555536448956e-04 -1.558571239002048969e-03 1.000002264976501465e+00 -1.377528309822082520e+00 0.000000000000000000e+00 0.000000000000000000e+00 0.000000000000000000e+00 1.000000000000000000e+00
9.999980330467224121e-01 3.976443167630350217e-06 -1.224321313202381134e-03 9.673009626567363739e-03 -4.352393261797260493e-06 9.999995827674865723e-01 -8.807756821624934673e-04 -7.566448301076889038e-03 1.223998726345598698e-03 8.793234592303633690e-04 9.999985694885253906e-01 -1.438220500946044922e+00 0.000000000000000000e+00 0.000000000000000000e+00 0.000000000000000000e+00 1.000000000000000000e+00
9.999977350234985352e-01 5.547099281102418900e-04 6.817932444391772151e-05 8.658345788717269897e-03 -5.556673277169466019e-04 1.000000596046447754e+00 5.049301544204354286e-04 -8.111506700515747070e-03 -6.816961104050278664e-05 -5.065397126600146294e-04 9.999969601631164551e-01 -1.512231588363647461e+00 0.000000000000000000e+00 0.000000000000000000e+00 0.000000000000000000e+00 1.000000000000000000e+00
9.999992847442626953e-01 -1.601097173988819122e-04 -9.712970349937677383e-04 9.324726648628711700e-03 1.602207630639895797e-04 9.999992847442626953e-01 6.536475848406553268e-04 -2.010866068303585052e-03 9.719415102154016495e-04 -6.546837976202368736e-04 9.999998211860656738e-01 -1.595154881477355957e+00 0.000000000000000000e+00 0.000000000000000000e+00 0.000000000000000000e+00 1.000000000000000000e+00
9.999989867210388184e-01 -3.162812790833413601e-04 6.380815175361931324e-04 8.784796111285686493e-03 3.158505714964121580e-04 9.999989271163940430e-01 9.118842717725783587e-05 -2.200370654463768005e-03 -6.370622431859374046e-04 -8.782591612543910742e-05 9.999986290931701660e-01 -1.592057943344116211e+00 0.000000000000000000e+00 0.000000000000000000e+00 0.000000000000000000e+00 1.000000000000000000e+00
1.000000596046447754e+00 -9.341033728560432792e-05 1.498035999247804284e-06 8.563754148781299591e-03 9.250331640942022204e-05 1.000004291534423828e+00 -4.576461215037852526e-04 -1.270231092348694801e-03 4.470489898267260287e-07 4.520491638686507940e-04 1.000003457069396973e+00 -1.611812472343444824e+00 0.000000000000000000e+00 0.000000000000000000e+00 0.000000000000000000e+00 1.000000000000000000e+00
9.999997615814208984e-01 -4.467308372113620862e-07 -1.235065383298206143e-09 3.576316771614074241e-07 -2.204188263021933381e-07 1.000000357627868652e+00 2.005780146419056109e-07 -3.933909283659886569e-06 8.030051645846469910e-08 1.684486051090061665e-06 1.000000000000000000e+00 -5.389765023178227921e-12 0.000000000000000000e+00 0.000000000000000000e+00 0.000000000000000000e+00 1.000000000000000000e+00
1.000001072883605957e+00 6.522765261252061464e-07 1.619554410581258708e-07 -8.583075214119162410e-06 -2.331640871489071287e-07 1.000000357627868652e+00 1.411281260743635357e-07 -3.218651045244769193e-06 -3.311267846584087238e-07 -2.062954536086181179e-06 1.000001311302185059e+00 -2.479554495948832482e-05 0.000000000000000000e+00 0.000000000000000000e+00 0.000000000000000000e+00 1.000000000000000000e+00
9.999996423721313477e-01 2.932608254013757687e-07 -1.513493330662640801e-08 -3.576305971364490688e-07 -2.694159206839685794e-07 9.999994039535522461e-01 9.479063578510249499e-08 -8.344673005922231823e-07 8.173674359568394721e-08 6.226014761523401830e-07 9.999977350234985352e-01 4.577631625579670072e-05 0.000000000000000000e+00 0.000000000000000000e+00 0.000000000000000000e+00 1.000000000000000000e+00
1.000002861022949219e+00 1.843254011646422441e-07 7.531789236736585735e-08 -6.198893970577046275e-06 -2.306309454525035108e-07 9.999996423721313477e-01 8.971373688382300315e-08 -1.192090849144733511e-06 1.330626560047676321e-07 7.190781161625636742e-07 9.999998211860656738e-01 -4.074482504862197985e-12 0.000000000000000000e+00 0.000000000000000000e+00 0.000000000000000000e+00 1.000000000000000000e+00
1.000001549720764160e+00 4.758351224154466763e-07 -1.188607967606003513e-07 1.758340658852830529e-06 -2.348468228774436284e-07 1.000002741813659668e+00 2.593082513158151414e-07 -8.463877747999504209e-06 -5.352378593670437112e-07 -4.161232936894521117e-06 1.000002145767211914e+00 -3.623963129939511418e-05 0.000000000000000000e+00 0.000000000000000000e+00 0.000000000000000000e+00 1.000000000000000000e+00
9.999999403953552246e-01 1.127653774801729014e-07 9.889522800676786574e-08 -2.622604824864538386e-06 -2.460120072100835387e-07 1.000000000000000000e+00 3.518942719438200584e-07 -6.079672857595141977e-06 2.735990989322090172e-08 1.983677861971955281e-07 1.000000000000000000e+00 3.814695901382947341e-06 0.000000000000000000e+00 0.000000000000000000e+00 0.000000000000000000e+00 1.000000000000000000e+00
1.000000596046447754e+00 5.376680292101809755e-07 1.025445186542128795e-07 -2.145767211914062500e-06 -4.317672051001864020e-07 9.999991655349731445e-01 -1.176216102294347365e-07 2.980230647153803147e-06 3.145891014355584048e-07 1.578476940267137252e-06 9.999995827674865723e-01 1.525878815300529823e-05 0.000000000000000000e+00 0.000000000000000000e+00 0.000000000000000000e+00 1.000000000000000000e+00
1.000001192092895508e+00 1.043163365466170944e-06 -7.632295506709851907e-08 1.430516476830234751e-06 -1.749005775764089776e-07 9.999964833259582520e-01 -1.466870855892921099e-07 7.987000572029501200e-06 -4.659353862734860741e-07 2.766848183455294929e-06 9.999996423721313477e-01 5.722058631363324821e-06 0.000000000000000000e+00 0.000000000000000000e+00 0.000000000000000000e+00 1.000000000000000000e+00
1.000000596046447754e+00 5.642269798045163043e-07 5.025498239774606191e-08 -1.966952595466864295e-06 -2.275137092055956600e-07 1.000001072883605957e+00 -2.636355702634318732e-07 3.695494342537131160e-06 -2.358355573051085230e-07 3.776544645006651990e-06 1.000000000000000000e+00 -1.907332148221030366e-06 0.000000000000000000e+00 0.000000000000000000e+00 0.000000000000000000e+00 1.000000000000000000e+00
1.000001072883605957e+00 -3.435871320789374295e-08 1.035070553712102992e-07 -1.072884060704382136e-06 -2.606405757887841901e-09 1.000000000000000000e+00 -5.958125992577834040e-09 2.384184938364342088e-07 1.781452283466933295e-07 9.679920367489103228e-07 1.000000000000000000e+00 -1.907347041196771897e-06 0.000000000000000000e+00 0.000000000000000000e+00 0.000000000000000000e+00 1.000000000000000000e+00
1.000001072883605957e+00 4.818597076905462018e-08 8.039114618441089988e-08 -1.399778170707577374e-06 -2.526816444969881559e-07 1.000001192092895508e+00 -2.193604444755692384e-07 2.503400310160941444e-06 3.418802307919577288e-08 -3.656472699731239118e-06 9.999995827674865723e-01 1.144407451647566631e-05 0.000000000000000000e+00 0.000000000000000000e+00 0.000000000000000000e+00 1.000000000000000000e+00
9.999966621398925781e-01 1.296580419875681400e-03 1.897879992611706257e-03 3.405211260542273521e-03 -1.294901827350258827e-03 1.000000596046447754e+00 -5.318020703271031380e-04 -1.236782991327345371e-03 -1.897967420518398285e-03 5.278443568386137486e-04 9.999985098838806152e-01 -1.496636748313903809e+00 0.000000000000000000e+00 0.000000000000000000e+00 0.000000000000000000e+00 1.000000000000000000e+00
1.000003099441528320e+00 1.401430228725075722e-03 1.639865688048303127e-03 2.953290473669767380e-03 -1.403889851644635201e-03 9.999997615814208984e-01 1.159397186711430550e-03 -5.153464619070291519e-03 -1.638134475797414780e-03 -1.166348578408360481e-03 1.000004291534423828e+00 -1.538219332695007324e+00 0.000000000000000000e+00 0.000000000000000000e+00 0.000000000000000000e+00 1.000000000000000000e+00
9.999994635581970215e-01 -1.190914645121665671e-05 1.446559559553861618e-03 4.319115076214075089e-03 1.604145109013188630e-05 9.999978542327880859e-01 -2.029988681897521019e-03 -3.434606129303574562e-03 -1.446246053092181683e-03 2.031337236985564232e-03 9.999967813491821289e-01 -1.568031311035156250e+00 0.000000000000000000e+00 0.000000000000000000e+00 0.000000000000000000e+00 1.000000000000000000e+00
9.999938607215881348e-01 2.716283546760678291e-03 1.851569046266376972e-03 -2.898475155234336853e-03 -2.714725444093346596e-03 9.999955892562866211e-01 -7.586436695419251919e-04 4.496870096772909164e-04 -1.854061847552657127e-03 7.540636579506099224e-04 9.999980330467224121e-01 -5.461052656173706055e-01 0.000000000000000000e+00 0.000000000000000000e+00 0.000000000000000000e+00 1.000000000000000000e+00
9.999992847442626953e-01 1.102513051591813564e-03 -2.091587375616654754e-04 -9.887773776426911354e-04 -1.102728885598480701e-03 1.000000953674316406e+00 -6.039966247044503689e-04 -2.329317620024085045e-03 2.095351374009624124e-04 6.037630955688655376e-04 9.999995231628417969e-01 -5.176522731781005859e-01 0.000000000000000000e+00 0.000000000000000000e+00 0.000000000000000000e+00 1.000000000000000000e+00
9.999954700469970703e-01 2.497175242751836777e-03 -1.890764338895678520e-03 -2.221486996859312057e-03 -2.497279085218906403e-03 9.999972581863403320e-01 4.582752444548532367e-05 9.810441406443715096e-04 1.889633247628808022e-03 -4.475428067962639034e-05 9.999989271163940430e-01 -4.824413061141967773e-01 0.000000000000000000e+00 0.000000000000000000e+00 0.000000000000000000e+00 1.000000000000000000e+00
9.999991655349731445e-01 1.143239904195070267e-03 1.032277010381221771e-03 6.811161991208791733e-03 -1.143796602264046669e-03 9.999985098838806152e-01 -6.570777259184978902e-06 -1.559513341635465622e-02 -1.031310297548770905e-03 6.510392267955467105e-06 9.999992847442626953e-01 -1.707352876663208008e+00 0.000000000000000000e+00 0.000000000000000000e+00 0.000000000000000000e+00 1.000000000000000000e+00
9.999984502792358398e-01 -8.763185469433665276e-04 1.151702716015279293e-03 5.663712508976459503e-03 8.747494430281221867e-04 9.999974370002746582e-01 1.594045781530439854e-03 -1.368175819516181946e-02 -1.153263263404369354e-03 -1.586469355970621109e-03 9.999985098838806152e-01 -2.031124114990234375e+00 0.000000000000000000e+00 0.000000000000000000e+00 0.000000000000000000e+00 1.000000000000000000e+00
9.999680519104003906e-01 5.746983806602656841e-04 -7.974139414727687836e-03 1.683463342487812042e-02 -5.699149332940578461e-04 9.999987483024597168e-01 6.063897162675857544e-04 -7.433340419083833694e-03 7.974646054208278656e-03 -6.000672001391649246e-04 9.999685883522033691e-01 -1.863192558288574219e+00 0.000000000000000000e+00 0.000000000000000000e+00 0.000000000000000000e+00 1.000000000000000000e+00
1.000001549720764160e+00 -2.084736770484596491e-04 6.503461045213043690e-04 5.570689681917428970e-03 2.081411221297457814e-04 1.000000357627868652e+00 -6.083510816097259521e-04 -5.427135154604911804e-03 -6.494557601399719715e-04 6.045367335900664330e-04 1.000003337860107422e+00 -1.865532875061035156e+00 0.000000000000000000e+00 0.000000000000000000e+00 0.000000000000000000e+00 1.000000000000000000e+00
9.999982714653015137e-01 1.218876335769891739e-03 -8.959897677414119244e-04 1.182596012949943542e-02 -1.218878664076328278e-03 9.999958276748657227e-01 -3.197722835466265678e-04 -7.810445036739110947e-03 8.946824236772954464e-04 3.254298644606024027e-04 9.999994039535522461e-01 -1.860636591911315918e+00 0.000000000000000000e+00 0.000000000000000000e+00 0.000000000000000000e+00 1.000000000000000000e+00
1.000001192092895508e+00 4.055764584336429834e-04 -1.355535932816565037e-03 7.114037405699491501e-03 -4.068598209414631128e-04 1.000001072883605957e+00 -5.398070206865668297e-04 -4.916469566524028778e-03 1.356558175757527351e-03 5.386758712120354176e-04 1.000000357627868652e+00 -1.846171855926513672e+00 0.000000000000000000e+00 0.000000000000000000e+00 0.000000000000000000e+00 1.000000000000000000e+00
1.000000357627868652e+00 6.885420298203825951e-04 -1.388783566653728485e-03 5.872881971299648285e-03 -6.870561046525835991e-04 1.000000834465026855e+00 1.007773680612444878e-03 -3.907074686139822006e-03 1.389583339914679527e-03 -1.008910592645406723e-03 1.000002145767211914e+00 -1.847209095954895020e+00 0.000000000000000000e+00 0.000000000000000000e+00 0.000000000000000000e+00 1.000000000000000000e+00
1.000000715255737305e+00 -2.909550385084003210e-04 6.041295710019767284e-04 4.605038557201623917e-03 2.909742179326713085e-04 9.999983906745910645e-01 -7.599568925797939301e-05 -6.091594696044921875e-03 -6.047800998203456402e-04 7.754002581350505352e-05 9.999997019767761230e-01 -1.867660164833068848e+00 0.000000000000000000e+00 0.000000000000000000e+00 0.000000000000000000e+00 1.000000000000000000e+00
9.999985694885253906e-01 -4.131987516302615404e-04 -1.058222027495503426e-03 8.386590518057346344e-03 4.125610576011240482e-04 1.000001549720764160e+00 -2.090831549139693379e-04 -4.839091096073389053e-03 1.059441710822284222e-03 2.047841699095442891e-04 1.000001907348632812e+00 -1.867106795310974121e+00 0.000000000000000000e+00 0.000000000000000000e+00 0.000000000000000000e+00 1.000000000000000000e+00
1.000002264976501465e+00 -3.775502555072307587e-04 -6.385198503267019987e-05 8.103821426630020142e-03 3.785925218835473061e-04 9.999974966049194336e-01 -1.479455735534429550e-03 -2.961255609989166260e-03 6.395318632712587714e-05 1.483053900301456451e-03 9.999986290931701660e-01 -1.841714620590209961e+00 0.000000000000000000e+00 0.000000000000000000e+00 0.000000000000000000e+00 1.000000000000000000e+00
9.999841451644897461e-01 5.144648253917694092e-03 2.617402235046029091e-03 -2.456206828355789185e-03 -5.131441168487071991e-03 9.999743103981018066e-01 -5.194504279643297195e-03 1.974125159904360771e-03 -2.643893472850322723e-03 5.182737018913030624e-03 9.999846220016479492e-01 -1.706223249435424805e+00 0.000000000000000000e+00 0.000000000000000000e+00 0.000000000000000000e+00 1.000000000000000000e+00
9.999982714653015137e-01 3.248414432164281607e-04 1.122497254982590675e-03 2.660663798451423645e-03 -3.244020335841923952e-04 9.999989867210388184e-01 -4.504226089920848608e-04 4.948928486555814743e-03 -1.123178401030600071e-03 4.485537938307970762e-04 9.999979138374328613e-01 -1.054951190948486328e+00 0.000000000000000000e+00 0.000000000000000000e+00 0.000000000000000000e+00 1.000000000000000000e+00
1.000000596046447754e+00 6.421023863367736340e-04 1.117405947297811508e-03 3.794466610997915268e-03 -6.445589242503046989e-04 1.000000000000000000e+00 5.836244090460240841e-04 -2.541555557399988174e-03 -1.115413382649421692e-03 -5.872540641576051712e-04 1.000001668930053711e+00 -1.781016707420349121e+00 0.000000000000000000e+00 0.000000000000000000e+00 0.000000000000000000e+00 1.000000000000000000e+00
9.999982118606567383e-01 -1.560977776534855366e-03 5.252318223938345909e-04 1.024907827377319336e-02 1.559952856041491032e-03 9.999964237213134766e-01 1.382932765409350395e-03 -2.430970547720789909e-03 -5.261780461296439171e-04 -1.380996778607368469e-03 9.999986886978149414e-01 -1.776439785957336426e+00 0.000000000000000000e+00 0.000000000000000000e+00 0.000000000000000000e+00 1.000000000000000000e+00
1.000000119209289551e+00 -7.406496442854404449e-04 1.013258355669677258e-03 6.608230061829090118e-03 7.394225103780627251e-04 9.999988079071044922e-01 9.983028285205364227e-04 -4.114767536520957947e-03 -1.013864297419786453e-03 -9.996312437579035759e-04 9.999973177909851074e-01 -1.756528973579406738e+00 0.000000000000000000e+00 0.000000000000000000e+00 0.000000000000000000e+00 1.000000000000000000e+00
9.999994039535522461e-01 4.575618659146130085e-04 -8.131272043101489544e-04 5.468358285725116730e-03 -4.616778460331261158e-04 9.999852180480957031e-01 -5.416681990027427673e-03 3.649555612355470657e-03 8.109631016850471497e-04 5.415664520114660263e-03 9.999845027923583984e-01 -1.201829314231872559e+00 0.000000000000000000e+00 0.000000000000000000e+00 0.000000000000000000e+00 1.000000000000000000e+00
1.000001311302185059e+00 8.638273575343191624e-04 -6.367436726577579975e-04 4.802748095244169235e-03 -8.646507631056010723e-04 9.999995231628417969e-01 -1.254468341358006001e-03 -9.475292172282934189e-04 6.357299280352890491e-04 1.255773124285042286e-03 1.000001430511474609e+00 -1.162153840065002441e+00 0.000000000000000000e+00 0.000000000000000000e+00 0.000000000000000000e+00 1.000000000000000000e+00
9.999961853027343750e-01 -2.462404314428567886e-03 -1.776922610588371754e-03 1.139398664236068726e-02 2.460877876728773117e-03 9.999967813491821289e-01 -8.180519798770546913e-04 -5.975673440843820572e-03 1.779626705683767796e-03 8.145207539200782776e-04 9.999982118606567383e-01 -1.562494158744812012e+00 0.000000000000000000e+00 0.000000000000000000e+00 0.000000000000000000e+00 1.000000000000000000e+00
1.000000119209289551e+00 1.856884227890986949e-05 1.345792697975412011e-04 7.618811447173357010e-03 -1.892516775114927441e-05 1.000000357627868652e+00 5.563034792430698872e-04 -6.954377982765436172e-03 -1.339606387773528695e-04 -5.556393298320472240e-04 9.999996423721313477e-01 -1.580955028533935547e+00 0.000000000000000000e+00 0.000000000000000000e+00 0.000000000000000000e+00 1.000000000000000000e+00
9.999865293502807617e-01 -5.188482347875833511e-03 -2.530303900130093098e-04 1.242158655077219009e-02 5.187206901609897614e-03 9.999830722808837891e-01 -3.831005655229091644e-03 -4.978019278496503830e-03 2.739073242992162704e-04 3.826265688985586166e-03 9.999950528144836426e-01 -1.599956750869750977e+00 0.000000000000000000e+00 0.000000000000000000e+00 0.000000000000000000e+00 1.000000000000000000e+00
9.999926090240478516e-01 -7.307248888537287712e-04 3.716644132509827614e-03 4.087931010872125626e-03 7.219220860861241817e-04 9.999966621398925781e-01 2.629787195473909378e-03 -1.001262385398149490e-02 -3.719252301380038261e-03 -2.631132258102297783e-03 9.999902844429016113e-01 -1.659308910369873047e+00 0.000000000000000000e+00 0.000000000000000000e+00 0.000000000000000000e+00 1.000000000000000000e+00
9.999945759773254395e-01 2.782785333693027496e-03 2.208199352025985718e-03 7.678520632907748222e-04 -2.786763245239853859e-03 9.999958276748657227e-01 2.131833229213953018e-03 -5.604322068393230438e-03 -2.203847747296094894e-03 -2.139543881639838219e-03 9.999974370002746582e-01 -1.648012042045593262e+00 0.000000000000000000e+00 0.000000000000000000e+00 0.000000000000000000e+00 1.000000000000000000e+00
9.999870657920837402e-01 -2.003936824621632695e-04 5.297177005559206009e-03 3.572699381038546562e-03 2.075196098303422332e-04 9.999999403953552246e-01 -1.417721854522824287e-03 5.220888648182153702e-03 -5.296131130307912827e-03 1.418457133695483208e-03 9.999857544898986816e-01 -8.780770003795623779e-02 0.000000000000000000e+00 0.000000000000000000e+00 0.000000000000000000e+00 1.000000000000000000e+00
9.999970793724060059e-01 -5.787264090031385422e-04 2.094574505463242531e-03 5.329332314431667328e-03 5.838602664880454540e-04 9.999970793724060059e-01 -2.472320571541786194e-03 1.057915622368454933e-03 -2.092913957312703133e-03 2.473508473485708237e-03 9.999950528144836426e-01 -6.508085727691650391e-01 0.000000000000000000e+00 0.000000000000000000e+00 0.000000000000000000e+00 1.000000000000000000e+00
9.999986886978149414e-01 1.138170133344829082e-03 -1.037709997035562992e-03 7.780027226544916630e-04 -1.137514715082943439e-03 9.999995231628417969e-01 3.761965781450271606e-04 -8.203896693885326385e-03 1.037218957208096981e-03 -3.757207305170595646e-04 9.999992847442626953e-01 -1.149890303611755371e+00 0.000000000000000000e+00 0.000000000000000000e+00 0.000000000000000000e+00 1.000000000000000000e+00
9.999909996986389160e-01 5.063498974777758121e-04 4.113395698368549347e-03 1.860951539129018784e-03 -5.060478579252958298e-04 9.999985098838806152e-01 -8.352616714546456933e-05 2.749556209892034531e-03 -4.113129340112209320e-03 7.937311602290719748e-05 9.999909996986389160e-01 -4.648892581462860107e-01 0.000000000000000000e+00 0.000000000000000000e+00 0.000000000000000000e+00 1.000000000000000000e+00
9.999462366104125977e-01 -3.000010037794709206e-04 1.033723820000886917e-02 1.124120969325304031e-02 3.051110543310642242e-04 1.000000715255737305e+00 -6.417210679501295090e-04 -7.514136959798634052e-04 -1.033621467649936676e-02 6.422257865779101849e-04 9.999462962150573730e-01 -3.362826108932495117e-01 0.000000000000000000e+00 0.000000000000000000e+00 0.000000000000000000e+00 1.000000000000000000e+00
9.999983906745910645e-01 1.819992321543395519e-03 -8.212395478039979935e-04 -4.884594818577170372e-04 -1.819376368075609207e-03 9.999982714653015137e-01 2.444175770506262779e-04 2.641216451593209058e-05 8.222957840189337730e-04 -2.449278254061937332e-04 1.000000000000000000e+00 -5.580006837844848633e-01 0.000000000000000000e+00 0.000000000000000000e+00 0.000000000000000000e+00 1.000000000000000000e+00
9.999938607215881348e-01 3.396187443286180496e-03 2.740468771662563086e-04 8.177323034033179283e-04 -3.395949723199009895e-03 9.999870657920837402e-01 -4.004631191492080688e-03 -1.908917911350727081e-03 -2.874982892535626888e-04 4.002864472568035126e-03 9.999949932098388672e-01 -1.436454772949218750e+00 0.000000000000000000e+00 0.000000000000000000e+00 0.000000000000000000e+00 1.000000000000000000e+00
1.000001907348632812e+00 -1.887520824084276683e-07 1.410291190495627234e-07 -3.814702267845859751e-06 -1.115742733759361727e-07 1.000002503395080566e+00 3.806470516565241269e-08 -5.364426669984823093e-06 1.120931685250070586e-07 -1.213717695236482541e-07 1.000000953674316406e+00 -2.670290450623724610e-05 0.000000000000000000e+00 0.000000000000000000e+00 0.000000000000000000e+00 1.000000000000000000e+00
9.999990463256835938e-01 3.735680138561292551e-07 4.498865280311292736e-08 5.245208740234375000e-06 -3.466782061423145933e-07 9.999995827674865723e-01 -5.044791464570153039e-07 1.418589545210124925e-05 1.181194093646809051e-07 1.245577095687622204e-06 9.999990463256835938e-01 4.768368671648204327e-05 0.000000000000000000e+00 0.000000000000000000e+00 0.000000000000000000e+00 1.000000000000000000e+00
9.999992251396179199e-01 2.657320976595656248e-07 -1.730844445546608767e-07 4.053117663715966046e-06 -1.727724310285339016e-07 9.999989867210388184e-01 -1.158849372018266877e-07 3.695483883348060772e-06 -1.179742454837651167e-07 1.209974470839370042e-06 1.000000476837158203e+00 -1.144409361586440355e-05 0.000000000000000000e+00 0.000000000000000000e+00 0.000000000000000000e+00 1.000000000000000000e+00
1.000000119209289551e+00 1.171439976133115124e-06 -6.351685755134894862e-08 1.490167278461740352e-07 -2.469204787303169724e-07 9.999989271163940430e-01 -1.403410863076715032e-07 4.172319677309133112e-06 -2.957226570288185030e-07 1.813664312066975981e-06 9.999997615814208984e-01 5.722054993384517729e-06 0.000000000000000000e+00 0.000000000000000000e+00 0.000000000000000000e+00 1.000000000000000000e+00
1.000000000000000000e+00 1.904984401335241273e-07 3.605424012675939593e-07 -8.583068847656250000e-06 -1.208886857284596772e-07 1.000001907348632812e+00 9.482572949082168634e-09 -2.145767666661413386e-06 3.570846729417098686e-07 2.388114808127284050e-07 1.000000119209289551e+00 -1.907351588670280762e-06 0.000000000000000000e+00 0.000000000000000000e+00 0.000000000000000000e+00 1.000000000000000000e+00
1.000000000000000000e+00 -4.343037858234310988e-07 4.001018965027469676e-07 -5.722042260458692908e-06 -5.154009841135120951e-07 9.999977350234985352e-01 -5.738630903806551942e-08 6.556501830345951021e-06 1.119802277571579907e-06 2.001120265049394220e-06 9.999994039535522461e-01 1.239776247530244291e-05 0.000000000000000000e+00 0.000000000000000000e+00 0.000000000000000000e+00 1.000000000000000000e+00
9.999990463256835938e-01 9.881543974188389257e-07 1.786845018614258152e-07 -4.768366579810390249e-06 -1.970124259287331370e-07 9.999999403953552246e-01 -8.386024319406715222e-08 2.026559286605333909e-06 2.208904987810456078e-07 6.533026862598489970e-06 1.000000238418579102e+00 -1.335143406322458759e-05 0.000000000000000000e+00 0.000000000000000000e+00 0.000000000000000000e+00 1.000000000000000000e+00
9.999998211860656738e-01 7.523120757468859665e-07 7.624988995758030796e-08 -2.443788389427936636e-06 -1.760777053050333052e-07 9.999991655349731445e-01 -7.455825823399209185e-08 2.384184881520923227e-06 -1.643247600213726400e-07 5.783182928098540287e-07 9.999994635581970215e-01 1.144409088738029823e-05 0.000000000000000000e+00 0.000000000000000000e+00 0.000000000000000000e+00 1.000000000000000000e+00
9.999985694885253906e-01 2.618320138481067261e-07 4.073257287018350326e-08 -1.639124093344435096e-06 -1.118428016866346297e-07 9.999999403953552246e-01 3.026290329444236704e-08 -8.344640605173481163e-07 -2.420356395305134356e-07 7.018264795988216065e-07 9.999982714653015137e-01 2.670286448847036809e-05 0.000000000000000000e+00 0.000000000000000000e+00 0.000000000000000000e+00 1.000000000000000000e+00
9.999842643737792969e-01 4.181860131211578846e-04 -5.725450813770294189e-03 -2.614237600937485695e-03 -4.083117528352886438e-04 9.999995827674865723e-01 1.737774815410375595e-03 -3.050394356250762939e-03 5.725993309170007706e-03 -1.737652346491813660e-03 9.999822974205017090e-01 -3.795777857303619385e-01 0.000000000000000000e+00 0.000000000000000000e+00 0.000000000000000000e+00 1.000000000000000000e+00
9.999947547912597656e-01 2.895528086810372770e-05 2.336962847039103508e-03 2.741439035162329674e-03 -2.984745879075489938e-05 1.000002026557922363e+00 -2.445315476506948471e-05 -5.858622957020998001e-03 -2.337323734536767006e-03 2.131682413164526224e-05 9.999948143959045410e-01 -2.062103271484375000e+00 0.000000000000000000e+00 0.000000000000000000e+00 0.000000000000000000e+00 1.000000000000000000e+00
9.999891519546508789e-01 3.403472714126110077e-03 3.215136006474494934e-03 1.413569669239223003e-03 -3.400002373382449150e-03 9.999954104423522949e-01 -1.414556521922349930e-03 -5.782749969512224197e-03 -3.218080848455429077e-03 1.399990636855363846e-03 9.999946355819702148e-01 -2.016129970550537109e+00 0.000000000000000000e+00 0.000000000000000000e+00 0.000000000000000000e+00 1.000000000000000000e+00
9.999987483024597168e-01 4.084062529727816582e-04 2.024038694798946381e-03 3.355140332132577896e-03 -4.070014983881264925e-04 1.000002145767211914e+00 -2.483964199200272560e-04 -3.675051964819431305e-03 -2.024853834882378578e-03 2.481571282260119915e-04 9.999979138374328613e-01 -2.020278453826904297e+00 0.000000000000000000e+00 0.000000000000000000e+00 0.000000000000000000e+00 1.000000000000000000e+00
9.999947547912597656e-01 1.491339760832488537e-03 2.560283988714218140e-03 9.286251151934266090e-04 -1.495191711001098156e-03 9.999977350234985352e-01 1.246369676664471626e-03 -5.634795408695936203e-03 -2.558208536356687546e-03 -1.248252345249056816e-03 9.999949932098388672e-01 -2.051879167556762695e+00 0.000000000000000000e+00 0.000000000000000000e+00 0.000000000000000000e+00 1.000000000000000000e+00
9.999929070472717285e-01 2.571774413809180260e-03 2.583742141723632812e-03 4.019336847704835236e-05 -2.567461458966135979e-03 9.999966621398925781e-01 -1.394685590639710426e-03 -1.092860195785760880e-02 -2.587899565696716309e-03 1.387759577482938766e-03 9.999962449073791504e-01 -2.055570840835571289e+00 0.000000000000000000e+00 0.000000000000000000e+00 0.000000000000000000e+00 1.000000000000000000e+00
9.999907612800598145e-01 -3.686565440148115158e-03 -2.325415611267089844e-03 1.900210510939359665e-03 3.683262504637241364e-03 9.999932050704956055e-01 -1.330180093646049500e-03 -5.572860594838857651e-03 2.331589814275503159e-03 1.321095507591962814e-03 9.999966621398925781e-01 -1.633775472640991211e+00 0.000000000000000000e+00 0.000000000000000000e+00 0.000000000000000000e+00 1.000000000000000000e+00
9.999954104423522949e-01 -3.583674260880798101e-04 3.325966652482748032e-03 4.744622856378555298e-03 3.624820965342223644e-04 9.999999403953552246e-01 -1.229157904163002968e-03 -8.191823028028011322e-03 -3.326542675495147705e-03 1.230279216542840004e-03 9.999949336051940918e-01 -1.362277269363403320e+00 0.000000000000000000e+00 0.000000000000000000e+00 0.000000000000000000e+00 1.000000000000000000e+00
9.999965429306030273e-01 -2.939232857897877693e-03 3.150145639665424824e-04 9.302511811256408691e-03 2.939828904345631599e-03 9.999936223030090332e-01 -2.160414122045040131e-03 -8.026662282645702362e-03 -3.089184174314141273e-04 2.160804579034447670e-03 9.999979734420776367e-01 -1.506738662719726562e+00 0.000000000000000000e+00 0.000000000000000000e+00 0.000000000000000000e+00 1.000000000000000000e+00
9.999739527702331543e-01 7.259635720402002335e-03 5.843587568961083889e-04 -4.610820207744836807e-03 -7.259703241288661957e-03 9.999728798866271973e-01 -1.400589244440197945e-04 -3.419708460569381714e-03 -5.855704075656831264e-04 1.381558831781148911e-04 9.999988675117492676e-01 -1.546400427818298340e+00 0.000000000000000000e+00 0.000000000000000000e+00 0.000000000000000000e+00 1.000000000000000000e+00
9.999993443489074707e-01 1.382373273372650146e-03 8.248003723565489054e-06 1.021409174427390099e-03 -1.382320071570575237e-03 9.999978542327880859e-01 1.782888663001358509e-03 -1.785255735740065575e-03 -5.496679932548431680e-06 -1.781734637916088104e-03 9.999983906745910645e-01 -1.528230786323547363e+00 0.000000000000000000e+00 0.000000000000000000e+00 0.000000000000000000e+00 1.000000000000000000e+00
9.999973773956298828e-01 -1.233696239069104195e-03 -1.283875550143420696e-03 8.347225375473499298e-03 1.236954820342361927e-03 9.999971389770507812e-01 2.555730286985635757e-03 -1.919222297146916389e-03 1.280953641980886459e-03 -2.557300031185150146e-03 9.999964237213134766e-01 -1.409248828887939453e+00 0.000000000000000000e+00 0.000000000000000000e+00 0.000000000000000000e+00 1.000000000000000000e+00
9.999980330467224121e-01 -6.202245131134986877e-04 -1.759568229317665100e-03 6.843382027000188828e-03 6.204732926562428474e-04 9.999994039535522461e-01 4.960329970344901085e-04 -5.523871630430221558e-03 1.759322476573288441e-03 -4.950949223712086678e-04 9.999976158142089844e-01 -1.382464289665222168e+00 0.000000000000000000e+00 0.000000000000000000e+00 0.000000000000000000e+00 1.000000000000000000e+00
9.999960660934448242e-01 1.832255802582949400e-04 -2.482469659298658371e-03 7.901063188910484314e-03 -1.832525740610435605e-04 1.000000357627868652e+00 -3.336576992296613753e-05 -2.113954164087772369e-03 2.482254523783922195e-03 3.297260263934731483e-05 9.999955892562866211e-01 -1.495727539062500000e+00 0.000000000000000000e+00 0.000000000000000000e+00 0.000000000000000000e+00 1.000000000000000000e+00
1.000000596046447754e+00 -4.010220777672657277e-07 9.888067609153949888e-08 -1.132491433963878080e-06 1.450191611240825296e-08 1.000000119209289551e+00 5.937437208558549173e-10 4.768386361320153810e-07 2.647668111421808135e-07 -4.442975694018969079e-07 1.000001192092895508e+00 -1.335144588665571064e-05 0.000000000000000000e+00 0.000000000000000000e+00 0.000000000000000000e+00 1.000000000000000000e+00
1.000000357627868652e+00 -1.865054457539372379e-07 7.720317398707265966e-07 -1.311301912210183218e-05 -3.737685290161607554e-07 9.999998807907104492e-01 -2.362775148867513053e-07 4.649162292480468750e-06 1.068836581907817163e-06 -9.487705483479658142e-07 1.000000119209289551e+00 7.629385891050333157e-06 0.000000000000000000e+00 0.000000000000000000e+00 0.000000000000000000e+00 1.000000000000000000e+00
9.999993443489074707e-01 1.199359047632242437e-07 1.245594773990887916e-07 -2.324580236745532602e-06 -2.926415447745966958e-07 1.000002503395080566e+00 -1.625577965569391381e-07 -1.072882014341303147e-06 8.465055429951462429e-07 1.702320787444477901e-06 1.000001788139343262e+00 -3.051759995287284255e-05 0.000000000000000000e+00 0.000000000000000000e+00 0.000000000000000000e+00 1.000000000000000000e+00
9.999995231628417969e-01 5.571932706516236067e-05 7.729510543867945671e-04 6.114220013841986656e-04 -5.758402403444051743e-05 9.999995827674865723e-01 1.262481906451284885e-03 -7.216897327452898026e-03 -7.710751960985362530e-04 -1.264646649360656738e-03 9.999995827674865723e-01 -2.548523843288421631e-01 0.000000000000000000e+00 0.000000000000000000e+00 0.000000000000000000e+00 1.000000000000000000e+00
9.999946951866149902e-01 2.251949859783053398e-03 -1.581309479661285877e-03 -1.488917274400591850e-03 -2.253524027764797211e-03 9.999962449073791504e-01 -1.081596012227237225e-03 -5.985668860375881195e-03 1.578748109750449657e-03 1.085558207705616951e-03 9.999971389770507812e-01 -6.854259967803955078e-01 0.000000000000000000e+00 0.000000000000000000e+00 0.000000000000000000e+00 1.000000000000000000e+00
9.999985694885253906e-01 6.706103449687361717e-04 1.024028868414461613e-03 2.091546775773167610e-03 -6.709054578095674515e-04 1.000000119209289551e+00 2.276224695378914475e-04 -3.153401194140315056e-03 -1.024512224830687046e-03 -2.267459785798564553e-04 9.999993443489074707e-01 -9.848614335060119629e-01 0.000000000000000000e+00 0.000000000000000000e+00 0.000000000000000000e+00 1.000000000000000000e+00
9.999991655349731445e-01 -9.570752736181020737e-04 -2.210667007602751255e-04 2.016514539718627930e-03 9.570426773279905319e-04 1.000002503395080566e+00 9.192913421429693699e-05 5.019483432988636196e-05 2.218444715254008770e-04 -9.811217751121148467e-05 1.000002145767211914e+00 -3.732631504535675049e-01 0.000000000000000000e+00 0.000000000000000000e+00 0.000000000000000000e+00 1.000000000000000000e+00
9.999978542327880859e-01 2.072425704682245851e-04 -1.771242241375148296e-04 1.092161546694114804e-04 -2.072349598165601492e-04 9.999986290931701660e-01 -1.980744418688118458e-04 -5.742026958614587784e-03 1.776062417775392532e-04 2.011899487115442753e-04 9.999988675117492676e-01 -4.910558164119720459e-01 0.000000000000000000e+00 0.000000000000000000e+00 0.000000000000000000e+00 1.000000000000000000e+00
9.999966621398925781e-01 9.866071632131934166e-04 -1.539452350698411465e-04 2.061943057924509048e-03 -9.856919059529900551e-04 9.999987483024597168e-01 -1.034680637530982494e-03 1.986437477171421051e-03 1.526369014754891396e-04 1.033732085488736629e-03 9.999999403953552246e-01 -1.039682626724243164e+00 0.000000000000000000e+00 0.000000000000000000e+00 0.000000000000000000e+00 1.000000000000000000e+00
9.999979138374328613e-01 7.366345962509512901e-04 4.514634201768785715e-04 2.496591536328196526e-03 -7.361868629232048988e-04 1.000000476837158203e+00 6.084321285015903413e-05 5.588305648416280746e-04 -4.505078250076621771e-04 -6.221414514584466815e-05 9.999990463256835938e-01 -9.714900851249694824e-01 0.000000000000000000e+00 0.000000000000000000e+00 0.000000000000000000e+00 1.000000000000000000e+00
1.000000357627868652e+00 2.796027547447010875e-05 -4.488284466788172722e-04 1.027430174872279167e-03 -2.773432970570866019e-05 9.999982714653015137e-01 2.152793422283139080e-05 2.408365253359079361e-03 4.484979435801506042e-04 -1.863229226728435606e-05 9.999992847442626953e-01 -1.393831670284271240e-01 0.000000000000000000e+00 0.000000000000000000e+00 0.000000000000000000e+00 1.000000000000000000e+00
9.999986886978149414e-01 -5.729442927986383438e-04 -1.025256933644413948e-03 2.509392565116286278e-03 5.718436441384255886e-04 9.999980926513671875e-01 -1.130692660808563232e-03 -3.926050383597612381e-03 1.025220844894647598e-03 1.129523152485489845e-03 9.999968409538269043e-01 -5.298145413398742676e-01 0.000000000000000000e+00 0.000000000000000000e+00 0.000000000000000000e+00 1.000000000000000000e+00
9.999999403953552246e-01 -6.130574038252234459e-04 -4.329388320911675692e-04 2.809366211295127869e-03 6.133441347628831863e-04 9.999994039535522461e-01 2.058116078842431307e-04 -7.039091084152460098e-03 4.317326238378882408e-04 -2.006964059546589851e-04 1.000000476837158203e+00 -6.780094504356384277e-01 0.000000000000000000e+00 0.000000000000000000e+00 0.000000000000000000e+00 1.000000000000000000e+00
9.999998807907104492e-01 -1.465447130613029003e-04 2.199469745391979814e-04 3.614543937146663666e-03 1.466664980398491025e-04 9.999976754188537598e-01 3.495772834867238998e-04 -3.740240586921572685e-03 -2.200794260716065764e-04 -3.453707904554903507e-04 9.999986290931701660e-01 -7.477864027023315430e-01 0.000000000000000000e+00 0.000000000000000000e+00 0.000000000000000000e+00 1.000000000000000000e+00
9.999952912330627441e-01 1.123438822105526924e-03 3.042382420971989632e-03 1.296047586947679520e-03 -1.122240908443927765e-03 1.000001192092895508e+00 -4.230746126268059015e-04 -3.023174824193120003e-03 -3.042542142793536186e-03 4.183024284429848194e-04 9.999949336051940918e-01 -7.827861309051513672e-01 0.000000000000000000e+00 0.000000000000000000e+00 0.000000000000000000e+00 1.000000000000000000e+00
9.999753236770629883e-01 1.663859002292156219e-03 6.750789470970630646e-03 1.715417136438190937e-03 -1.672842423431575298e-03 1.000000715255737305e+00 1.344196032732725143e-03 -2.570977201685309410e-03 -6.748796906322240829e-03 -1.359306857921183109e-03 9.999787211418151855e-01 -7.566033601760864258e-01 0.000000000000000000e+00 0.000000000000000000e+00 0.000000000000000000e+00 1.000000000000000000e+00
1.000001549720764160e+00 -2.604404580779373646e-04 9.026236366480588913e-04 8.185639046132564545e-03 2.620616869535297155e-04 9.999980926513671875e-01 -1.761246472597122192e-03 -8.860412053763866425e-03 -9.021991863846778870e-04 1.762958709150552750e-03 9.999982118606567383e-01 -1.281880736351013184e+00 0.000000000000000000e+00 0.000000000000000000e+00 0.000000000000000000e+00 1.000000000000000000e+00
9.999945163726806641e-01 -8.442054968327283859e-05 -3.231597132980823517e-03 7.695721928030252457e-03 8.910851465770974755e-05 9.999966621398925781e-01 1.295431400649249554e-03 -3.642111085355281830e-03 3.231802722439169884e-03 -1.294222311116755009e-03 9.999937415122985840e-01 -1.754073739051818848e+00 0.000000000000000000e+00 0.000000000000000000e+00 0.000000000000000000e+00 1.000000000000000000e+00
9.999409914016723633e-01 5.746544338762760162e-04 -1.077195908874273300e-02 -5.207448732107877731e-03 -5.874705384485423565e-04 1.000000357627868652e+00 -1.135406550019979477e-03 3.470394993200898170e-03 1.077136956155300140e-02 1.137053710408508778e-03 9.999426603317260742e-01 -5.199170708656311035e-01 0.000000000000000000e+00 0.000000000000000000e+00 0.000000000000000000e+00 1.000000000000000000e+00
9.999802112579345703e-01 -2.108176006004214287e-03 -6.489082239568233490e-03 6.072479300200939178e-03 2.095714211463928223e-03 9.999962449073791504e-01 -1.970848767086863518e-03 -6.767419399693608284e-04 6.493627559393644333e-03 1.955281244590878487e-03 9.999810457229614258e-01 -8.954875469207763672e-01 0.000000000000000000e+00 0.000000000000000000e+00 0.000000000000000000e+00 1.000000000000000000e+00
9.999978542327880859e-01 1.144511858001351357e-03 6.634622695855796337e-04 1.122836256399750710e-03 -1.144212670624256134e-03 9.999976158142089844e-01 -1.939608337124809623e-04 -1.902105053886771202e-03 -6.649007555097341537e-04 1.944076502695679665e-04 9.999963641166687012e-01 -1.091650128364562988e+00 0.000000000000000000e+00 0.000000000000000000e+00 0.000000000000000000e+00 1.000000000000000000e+00
9.989612102508544922e-01 -1.215353026054799557e-03 -4.560986533761024475e-02 -2.464811317622661591e-02 1.273258822038769722e-03 9.999971985816955566e-01 1.253152615390717983e-03 -5.936741828918457031e-03 4.561053961515426636e-02 -1.310335122980177402e-03 9.989596009254455566e-01 -3.046630322933197021e-01 0.000000000000000000e+00 0.000000000000000000e+00 0.000000000000000000e+00 1.000000000000000000e+00
9.999969005584716797e-01 -1.016548718325793743e-03 2.567556919530034065e-03 4.303654655814170837e-03 1.016586320474743843e-03 9.999992251396179199e-01 2.212885010521858931e-04 -3.613447552197612822e-05 -2.567339921370148659e-03 -2.156800037482753396e-04 9.999960064888000488e-01 -7.389424443244934082e-01 0.000000000000000000e+00 0.000000000000000000e+00 0.000000000000000000e+00 1.000000000000000000e+00
9.999955296516418457e-01 1.964340772246941924e-04 -1.194130047224462032e-03 1.227818080224096775e-03 -1.959824439836665988e-04 1.000001430511474609e+00 1.196223543956875801e-03 -1.186036621220409870e-03 1.195561373606324196e-03 -1.199553953483700752e-03 9.999970793724060059e-01 -3.710245788097381592e-01 0.000000000000000000e+00 0.000000000000000000e+00 0.000000000000000000e+00 1.000000000000000000e+00
1.000002503395080566e+00 4.504383541643619537e-04 5.854164483025670052e-04 -2.643726475071161985e-04 -4.503725504036992788e-04 1.000000476837158203e+00 -1.180531180580146611e-04 3.105196869000792503e-03 -5.846740095876157284e-04 1.162061889772303402e-04 1.000002622604370117e+00 -2.267396152019500732e-01 0.000000000000000000e+00 0.000000000000000000e+00 0.000000000000000000e+00 1.000000000000000000e+00
9.999998807907104492e-01 1.521812664577737451e-04 1.627295860089361668e-04 1.537708216346800327e-03 -1.517171476734802127e-04 9.999991059303283691e-01 -6.821704300818964839e-05 1.828307285904884338e-03 -1.629869511816650629e-04 7.044065569061785936e-05 9.999983310699462891e-01 -8.181558549404144287e-02 0.000000000000000000e+00 0.000000000000000000e+00 0.000000000000000000e+00 1.000000000000000000e+00
9.999996423721313477e-01 -5.375457112677395344e-05 2.610815863590687513e-04 -2.450513711664825678e-04 5.362445517675951123e-05 1.000001907348632812e+00 -2.510118974896613508e-05 -8.987222681753337383e-04 -2.616808924358338118e-04 2.287868301209527999e-05 1.000001192092895508e+00 -4.696091264486312866e-02 0.000000000000000000e+00 0.000000000000000000e+00 0.000000000000000000e+00 1.000000000000000000e+00
1.000000238418579102e+00 -5.819413490826264024e-05 1.895969471661373973e-04 8.685154025442898273e-04 5.927004167460836470e-05 9.999971985816955566e-01 -7.351540261879563332e-05 7.572184549644589424e-04 -1.892080617835745215e-04 7.858902245061472058e-05 9.999986290931701660e-01 -7.065571844577789307e-02 0.000000000000000000e+00 0.000000000000000000e+00 0.000000000000000000e+00 1.000000000000000000e+00
9.997257590293884277e-01 3.426476032473146915e-04 2.341403812170028687e-02 1.775908283889293671e-02 -3.419298736844211817e-04 1.000000715255737305e+00 -2.910023249569348991e-05 -7.114196196198463440e-03 -2.341426908969879150e-02 1.862375756900291890e-05 9.997243285179138184e-01 -2.448383271694183350e-01 0.000000000000000000e+00 0.000000000000000000e+00 0.000000000000000000e+00 1.000000000000000000e+00
9.999837875366210938e-01 3.896772104781121016e-04 -5.916123278439044952e-03 -5.792398471385240555e-03 -3.833273658528923988e-04 1.000000000000000000e+00 1.166897127404808998e-03 -6.288137286901473999e-03 5.916997324675321579e-03 -1.162511063739657402e-03 9.999848008155822754e-01 -2.519214153289794922e-01 0.000000000000000000e+00 0.000000000000000000e+00 0.000000000000000000e+00 1.000000000000000000e+00
1.000001907348632812e+00 1.459924678783863783e-04 5.680454196408390999e-04 4.459972493350505829e-03 -1.453735167160630226e-04 9.999984502792358398e-01 -5.924685974605381489e-04 -9.413256193511188030e-04 -5.679622991010546684e-04 5.949780461378395557e-04 1.000002384185791016e+00 -1.222422599792480469e+00 0.000000000000000000e+00 0.000000000000000000e+00 0.000000000000000000e+00 1.000000000000000000e+00
9.999949932098388672e-01 -2.637530211359262466e-03 -2.788083394989371300e-03 7.346617989242076874e-03 2.636436372995376587e-03 9.999982118606567383e-01 -3.530387039063498378e-05 1.387606956996023655e-03 2.790480386465787888e-03 2.604665132821537554e-05 9.999976754188537598e-01 -9.107910990715026855e-01 0.000000000000000000e+00 0.000000000000000000e+00 0.000000000000000000e+00 1.000000000000000000e+00
1.000000596046447754e+00 4.794204141944646835e-04 5.288277752697467804e-04 -9.478752617724239826e-04 -4.796247521881014109e-04 9.999992251396179199e-01 -3.597224349505268037e-05 -4.766929894685745239e-03 -5.286526284180581570e-04 3.882285818690434098e-05 9.999992847442626953e-01 -3.402850329875946045e-01 0.000000000000000000e+00 0.000000000000000000e+00 0.000000000000000000e+00 1.000000000000000000e+00
9.999473094940185547e-01 1.009466871619224548e-02 1.936368062160909176e-03 -1.345446053892374039e-02 -1.009003259241580963e-02 9.999467730522155762e-01 -2.452383050695061684e-03 -8.653312688693404198e-04 -1.961361151188611984e-03 2.435622271150350571e-03 9.999957680702209473e-01 -1.222753763198852539e+00 0.000000000000000000e+00 0.000000000000000000e+00 0.000000000000000000e+00 1.000000000000000000e+00
9.999978542327880859e-01 -1.184604945592582226e-03 1.212532515637576580e-03 2.652827417477965355e-03 1.180824707262217999e-03 9.999948740005493164e-01 3.547653323039412498e-03 -9.430633857846260071e-03 -1.217613695189356804e-03 -3.548537148162722588e-03 9.999925494194030762e-01 -1.731330275535583496e+00 0.000000000000000000e+00 0.000000000000000000e+00 0.000000000000000000e+00 1.000000000000000000e+00
9.999976158142089844e-01 1.907973550260066986e-03 1.282951910980045795e-03 8.591018849983811378e-04 -1.910102437250316143e-03 9.999972581863403320e-01 1.441154745407402515e-03 -1.543364604003727436e-03 -1.279817544855177402e-03 -1.445051166228950024e-03 9.999977946281433105e-01 -1.753695607185363770e+00 0.000000000000000000e+00 0.000000000000000000e+00 0.000000000000000000e+00 1.000000000000000000e+00
9.999971389770507812e-01 2.279895998071879148e-04 -1.899719121865928173e-03 1.126713026314973831e-02 -2.271411212859675288e-04 9.999999403953552246e-01 5.664709606207907200e-04 -1.128126215189695358e-02 1.900025759823620319e-03 -5.670844111591577530e-04 9.999981522560119629e-01 -1.801144719123840332e+00 0.000000000000000000e+00 0.000000000000000000e+00 0.000000000000000000e+00 1.000000000000000000e+00
9.999933838844299316e-01 -3.908266313374042511e-03 1.319089205935597420e-04 7.537845522165298462e-03 3.907232545316219330e-03 9.999905824661254883e-01 3.068018006160855293e-03 6.704219849780201912e-04 -1.421699998900294304e-04 -3.069783095270395279e-03 9.999977946281433105e-01 -9.076048731803894043e-01 0.000000000000000000e+00 0.000000000000000000e+00 0.000000000000000000e+00 1.000000000000000000e+00
9.999970793724060059e-01 -2.131520071998238564e-03 -1.291461172513663769e-03 6.289634853601455688e-03 2.133732195943593979e-03 9.999960064888000488e-01 2.285651629790663719e-03 -1.264007412828505039e-03 1.287127844989299774e-03 -2.289562951773405075e-03 9.999973773956298828e-01 -7.306351065635681152e-01 0.000000000000000000e+00 0.000000000000000000e+00 0.000000000000000000e+00 1.000000000000000000e+00
9.999974966049194336e-01 5.337539478205144405e-04 2.305142814293503761e-03 1.800404395908117294e-03 -5.327656981535255909e-04 9.999995827674865723e-01 -5.582944722846150398e-04 2.808364224620163441e-04 -2.305964473634958267e-03 5.552215152420103550e-04 9.999991655349731445e-01 -4.358213245868682861e-01 0.000000000000000000e+00 0.000000000000000000e+00 0.000000000000000000e+00 1.000000000000000000e+00
9.999918341636657715e-01 -4.003643523901700974e-03 1.592681743204593658e-03 8.931864984333515167e-03 4.006627481430768967e-03 9.999914169311523438e-01 -1.697330735623836517e-03 -6.421621656045317650e-04 -1.586151309311389923e-03 1.700770342722535133e-03 9.999989867210388184e-01 -4.709547162055969238e-01 0.000000000000000000e+00 0.000000000000000000e+00 0.000000000000000000e+00 1.000000000000000000e+00
9.999567270278930664e-01 -2.532235812395811081e-03 -9.257505647838115692e-03 1.252360525541007519e-03 2.534515922889113426e-03 9.999993443489074707e-01 1.464238739572465420e-04 -1.035049441270530224e-03 9.256566874682903290e-03 -1.734690449666231871e-04 9.999612569808959961e-01 -5.050601959228515625e-01 0.000000000000000000e+00 0.000000000000000000e+00 0.000000000000000000e+00 1.000000000000000000e+00
9.999993443489074707e-01 -7.684204028919339180e-04 -6.037640850991010666e-04 4.733764100819826126e-03 7.685298915021121502e-04 9.999950528144836426e-01 1.354863401502370834e-03 -4.752309061586856842e-03 6.025908514857292175e-04 -1.349747879430651665e-03 9.999984502792358398e-01 -4.047306478023529053e-01 0.000000000000000000e+00 0.000000000000000000e+00 0.000000000000000000e+00 1.000000000000000000e+00
9.999989271163940430e-01 6.655641016095614759e-08 -7.732656825965023017e-08 3.099441528320312500e-06 3.584317909144374426e-08 9.999997019767761230e-01 -2.746499205841246294e-08 7.748606094537535682e-07 -5.656269195242202841e-07 5.454039069263671990e-07 1.000001430511474609e+00 -2.479555223544593900e-05 0.000000000000000000e+00 0.000000000000000000e+00 0.000000000000000000e+00 1.000000000000000000e+00
1.000000953674316406e+00 3.055269814922212390e-07 -1.469948927024233853e-07 1.668929598963586614e-06 -1.869098156248583109e-07 9.999979734420776367e-01 1.022562088337508612e-07 8.940699558479536790e-07 -7.283782821332351887e-08 2.472001597197959200e-06 9.999995827674865723e-01 1.144408815889619291e-05 0.000000000000000000e+00 0.000000000000000000e+00 0.000000000000000000e+00 1.000000000000000000e+00
9.999979138374328613e-01 -7.627752493135631084e-04 -1.493267714977264404e-03 -5.604074685834348202e-04 7.640713592991232872e-04 9.999988675117492676e-01 5.988819757476449013e-04 2.038393169641494751e-02 1.492342213168740273e-03 -5.979305715300142765e-04 9.999968409538269043e-01 -1.514372587203979492e+00 0.000000000000000000e+00 0.000000000000000000e+00 0.000000000000000000e+00 1.000000000000000000e+00
9.999994635581970215e-01 -2.861271495930850506e-04 -1.279059681110084057e-03 6.673604948446154594e-04 2.884603745769709349e-04 9.999995827674865723e-01 1.980598783120512962e-03 2.270570397377014160e-02 1.278739189729094505e-03 -1.980801345780491829e-03 9.999964833259582520e-01 -1.244505524635314941e+00 0.000000000000000000e+00 0.000000000000000000e+00 0.000000000000000000e+00 1.000000000000000000e+00
1.000000476837158203e+00 5.423094844445586205e-04 -9.767644805833697319e-04 -4.345173365436494350e-04 -5.421048263087868690e-04 1.000000357627868652e+00 5.417212378233671188e-04 1.695056445896625519e-02 9.768783347681164742e-04 -5.418270593509078026e-04 9.999994635581970215e-01 -1.068576574325561523e+00 0.000000000000000000e+00 0.000000000000000000e+00 0.000000000000000000e+00 1.000000000000000000e+00
9.999992251396179199e-01 -5.736073362641036510e-04 -1.090883510187268257e-03 1.961693866178393364e-03 5.703176138922572136e-04 9.999998211860656738e-01 -2.088171662762761116e-03 1.847934909164905548e-02 1.093217637389898300e-03 2.083710161969065666e-03 9.999989271163940430e-01 -1.003961205482482910e+00 0.000000000000000000e+00 0.000000000000000000e+00 0.000000000000000000e+00 1.000000000000000000e+00
9.999990463256835938e-01 1.409253018209710717e-04 -2.607528404041659087e-05 -1.079226494766771793e-03 -1.416209852322936058e-04 9.999977350234985352e-01 4.812755796592682600e-04 6.705079227685928345e-03 2.815555308188777417e-05 -4.773035761900246143e-04 9.999963045120239258e-01 -5.170534849166870117e-01 0.000000000000000000e+00 0.000000000000000000e+00 0.000000000000000000e+00 1.000000000000000000e+00
9.999997019767761230e-01 8.821092778816819191e-04 -6.352852797135710716e-04 -2.829857869073748589e-03 -8.823624812066555023e-04 9.999998211860656738e-01 -4.825267533306032419e-04 9.977851063013076782e-03 6.369252223521471024e-04 4.839878529310226440e-04 9.999994039535522461e-01 -6.775356531143188477e-01 0.000000000000000000e+00 0.000000000000000000e+00 0.000000000000000000e+00 1.000000000000000000e+00
9.999996423721313477e-01 -2.838345244526863098e-05 7.829202222637832165e-04 3.776536323130130768e-04 2.688612767087761313e-05 1.000001311302185059e+00 1.462492946302518249e-04 7.311590947210788727e-03 -7.816425641067326069e-04 -1.484182721469551325e-04 9.999993443489074707e-01 -2.839515805244445801e-01 0.000000000000000000e+00 0.000000000000000000e+00 0.000000000000000000e+00 1.000000000000000000e+00
1.000000238418579102e+00 -1.757947757141664624e-04 -3.401601861696690321e-05 -5.405862466432154179e-04 1.759898295858874917e-04 9.999981522560119629e-01 1.080816844478249550e-03 2.467622980475425720e-03 3.462217500782571733e-05 -1.080553280189633369e-03 9.999991059303283691e-01 -2.430151849985122681e-01 0.000000000000000000e+00 0.000000000000000000e+00 0.000000000000000000e+00 1.000000000000000000e+00
9.998537898063659668e-01 9.030150831677019596e-04 -1.707056909799575806e-02 -1.666356623172760010e-02 -8.981702267192304134e-04 1.000002264976501465e+00 2.215754357166588306e-04 3.385782940313220024e-03 1.706854254007339478e-02 -2.076380769722163677e-04 9.998540282249450684e-01 -1.459874808788299561e-01 0.000000000000000000e+00 0.000000000000000000e+00 0.000000000000000000e+00 1.000000000000000000e+00
9.999960660934448242e-01 1.218625111505389214e-03 1.779262209311127663e-03 6.892848759889602661e-04 -1.221156679093837738e-03 9.999989867210388184e-01 1.282251090742647648e-03 1.526938402093946934e-03 -1.777075813151896000e-03 -1.287769293412566185e-03 9.999971985816955566e-01 -5.022991299629211426e-01 0.000000000000000000e+00 0.000000000000000000e+00 0.000000000000000000e+00 1.000000000000000000e+00
9.999971389770507812e-01 1.596869784407317638e-03 1.571267144754528999e-03 8.262294577434659004e-04 -1.599969458766281605e-03 9.999961256980895996e-01 2.748081227764487267e-03 -1.539776276331394911e-04 -1.567159080877900124e-03 -2.752230735495686531e-03 9.999949932098388672e-01 -1.365031898021697998e-01 0.000000000000000000e+00 0.000000000000000000e+00 0.000000000000000000e+00 1.000000000000000000e+00
9.999891519546508789e-01 1.779644982889294624e-03 -4.519573412835597992e-03 -7.831821218132972717e-03 -1.779946382157504559e-03 9.999997615814208984e-01 -1.182960113510489464e-04 4.615946672856807709e-03 4.519693087786436081e-03 1.264761231141164899e-04 9.999891519546508789e-01 -3.673608899116516113e-01 0.000000000000000000e+00 0.000000000000000000e+00 0.000000000000000000e+00 1.000000000000000000e+00
9.999996423721313477e-01 -1.482117222622036934e-04 -4.804244090337306261e-04 4.135700874030590057e-03 1.490824070060625672e-04 9.999991059303283691e-01 2.716153976507484913e-04 -6.203645840287208557e-03 4.792964900843799114e-04 -2.709767722990363836e-04 9.999996423721313477e-01 -2.101516537368297577e-02 0.000000000000000000e+00 0.000000000000000000e+00 0.000000000000000000e+00 1.000000000000000000e+00
9.999741911888122559e-01 -9.996432345360517502e-04 7.007606327533721924e-03 5.914145149290561676e-03 9.877010015770792961e-04 9.999982118606567383e-01 1.689350348897278309e-03 8.563670329749584198e-03 -7.009348832070827484e-03 -1.683000591583549976e-03 9.999738931655883789e-01 -4.371030926704406738e-01 0.000000000000000000e+00 0.000000000000000000e+00 0.000000000000000000e+00 1.000000000000000000e+00
9.995203018188476562e-01 4.039509221911430359e-04 3.098662570118904114e-02 6.679765414446592331e-03 -3.530909889377653599e-04 1.000000715255737305e+00 -1.679259468801319599e-03 4.380226309876888990e-04 -3.098599053919315338e-02 1.664820010773837566e-03 9.995192289352416992e-01 -6.459584832191467285e-01 0.000000000000000000e+00 0.000000000000000000e+00 0.000000000000000000e+00 1.000000000000000000e+00
9.999636411666870117e-01 2.042690757662057877e-03 8.274361491203308105e-03 -6.650006398558616638e-04 -2.060580300167202950e-03 9.999955296516418457e-01 2.188647398725152016e-03 1.155605446547269821e-02 -8.271057158708572388e-03 -2.206705277785658836e-03 9.999647140502929688e-01 -9.950824379920959473e-01 0.000000000000000000e+00 0.000000000000000000e+00 0.000000000000000000e+00 1.000000000000000000e+00
1.000000238418579102e+00 -3.961881157010793686e-04 8.051068871282041073e-04 4.736975301057100296e-03 3.934617561753839254e-04 9.999969601631164551e-01 2.887883456423878670e-03 8.116388693451881409e-03 -8.063176646828651428e-04 -2.888621296733617783e-03 9.999957084655761719e-01 -1.128122329711914062e+00 0.000000000000000000e+00 0.000000000000000000e+00 0.000000000000000000e+00 1.000000000000000000e+00
9.999502897262573242e-01 1.793015835573896766e-04 -9.781300090253353119e-03 1.180221606045961380e-02 -1.780283200787380338e-04 1.000002145767211914e+00 1.665403979131951928e-04 1.579103432595729828e-02 9.782362729310989380e-03 -1.664127339608967304e-04 9.999515414237976074e-01 -1.720177292823791504e+00 0.000000000000000000e+00 0.000000000000000000e+00 0.000000000000000000e+00 1.000000000000000000e+00
9.999523758888244629e-01 1.119707245379686356e-03 -9.562246501445770264e-03 1.259080972522497177e-02 -1.108072930946946144e-03 9.999999403953552246e-01 1.336754299700260162e-03 2.048999071121215820e-02 9.565683081746101379e-03 -1.327196951024234295e-03 9.999529719352722168e-01 -1.716245889663696289e+00 0.000000000000000000e+00 0.000000000000000000e+00 0.000000000000000000e+00 1.000000000000000000e+00
9.999275207519531250e-01 -4.126788699068129063e-04 -1.206861436367034912e-02 1.968442834913730621e-02 4.226662276778370142e-04 9.999995231628417969e-01 8.581131696701049805e-04 1.501683052629232407e-02 1.206868514418601990e-02 -8.643288165330886841e-04 9.999278783798217773e-01 -1.689473748207092285e+00 0.000000000000000000e+00 0.000000000000000000e+00 0.000000000000000000e+00 1.000000000000000000e+00
9.999902844429016113e-01 1.047070909407921135e-04 -4.601751919835805893e-03 2.461291849613189697e-03 -1.352952385786920786e-04 9.999827742576599121e-01 -6.212382111698389053e-03 1.677082479000091553e-02 4.603457171469926834e-03 6.208775565028190613e-03 9.999723434448242188e-01 -1.019505620002746582e+00 0.000000000000000000e+00 0.000000000000000000e+00 0.000000000000000000e+00 1.000000000000000000e+00
9.999927878379821777e-01 6.814615335315465927e-04 -3.860345110297203064e-03 1.047578058205544949e-03 -6.849491619504988194e-04 9.999962449073791504e-01 -1.564676291309297085e-03 1.553552411496639252e-02 3.858735784888267517e-03 1.571262022480368614e-03 9.999927282333374023e-01 -1.018130421638488770e+00 0.000000000000000000e+00 0.000000000000000000e+00 0.000000000000000000e+00 1.000000000000000000e+00
9.999757409095764160e-01 -1.105456380173563957e-03 -7.084052544087171555e-03 1.080101728439331055e-02 1.113786245696246624e-03 1.000000596046447754e+00 1.071485108695924282e-03 1.295022107660770416e-02 7.082930766046047211e-03 -1.081545255146920681e-03 9.999768733978271484e-01 -1.705806970596313477e+00 0.000000000000000000e+00 0.000000000000000000e+00 0.000000000000000000e+00 1.000000000000000000e+00
9.999964833259582520e-01 -9.422650327906012535e-04 2.976713236421346664e-03 3.613128559663891792e-03 9.349972824566066265e-04 9.999958872795104980e-01 2.198693808168172836e-03 2.592124417424201965e-02 -2.978227799758315086e-03 -2.195853041484951973e-03 9.999938011169433594e-01 -1.966401457786560059e+00 0.000000000000000000e+00 0.000000000000000000e+00 0.000000000000000000e+00 1.000000000000000000e+00
9.999985694885253906e-01 -4.836183215957134962e-04 2.000506035983562469e-03 -1.102732567233033478e-04 4.889470874331891537e-04 9.999974966049194336e-01 -1.994302030652761459e-03 1.957632601261138916e-02 -2.001561224460601807e-03 1.996493199840188026e-03 9.999946355819702148e-01 -2.024098157882690430e+00 0.000000000000000000e+00 0.000000000000000000e+00 0.000000000000000000e+00 1.000000000000000000e+00
9.999919533729553223e-01 -1.110737444832921028e-03 3.495429409667849541e-03 -1.790439564501866698e-04 1.104518654756247997e-03 9.999945759773254395e-01 2.217388479039072990e-03 1.992810703814029694e-02 -3.498915350064635277e-03 -2.208086196333169937e-03 9.999856948852539062e-01 -2.032212495803833008e+00 0.000000000000000000e+00 0.000000000000000000e+00 0.000000000000000000e+00 1.000000000000000000e+00
1.000000000000000000e+00 1.992389443330466747e-04 1.399503787979483604e-03 2.709307940676808357e-03 -1.985052804229781032e-04 1.000002741813659668e+00 3.432299999985843897e-04 2.565414272248744965e-02 -1.401031855493783951e-03 -3.417628176975995302e-04 1.000002264976501465e+00 -2.059882402420043945e+00 0.000000000000000000e+00 0.000000000000000000e+00 0.000000000000000000e+00 1.000000000000000000e+00
9.999966025352478027e-01 1.526387059129774570e-03 6.936910795047879219e-04 4.114409442991018295e-03 -1.526774489320814610e-03 9.999996423721313477e-01 -2.377280179644003510e-04 2.436806634068489075e-02 -6.928936927579343319e-04 2.368538407608866692e-04 9.999984502792358398e-01 -2.053594827651977539e+00 0.000000000000000000e+00 0.000000000000000000e+00 0.000000000000000000e+00 1.000000000000000000e+00
9.999935626983642578e-01 8.628476061858236790e-04 2.987751038745045662e-03 3.632997628301382065e-03 -8.612982346676290035e-04 9.999990463256835938e-01 -5.164797184988856316e-04 2.801682613790035248e-02 -2.987989224493503571e-03 5.155343096703290939e-04 9.999954700469970703e-01 -1.860294938087463379e+00 0.000000000000000000e+00 0.000000000000000000e+00 0.000000000000000000e+00 1.000000000000000000e+00
9.999980330467224121e-01 1.250421861186623573e-03 -1.387478550896048546e-03 6.180325988680124283e-03 -1.249483553692698479e-03 9.999978542327880859e-01 2.939417317975312471e-04 1.348371524363756180e-02 1.387450727634131908e-03 -2.884823770727962255e-04 9.999977350234985352e-01 -1.340896129608154297e+00 0.000000000000000000e+00 0.000000000000000000e+00 0.000000000000000000e+00 1.000000000000000000e+00
9.999988675117492676e-01 9.931559907272458076e-04 -2.083286672132089734e-04 2.769098151475191116e-03 -9.931212989613413811e-04 1.000001549720764160e+00 -4.240349226165562868e-04 1.557989604771137238e-02 2.067678578896448016e-04 4.263274895492941141e-04 9.999997615814208984e-01 -1.536985635757446289e+00 0.000000000000000000e+00 0.000000000000000000e+00 0.000000000000000000e+00 1.000000000000000000e+00
9.999945163726806641e-01 -7.393269333988428116e-04 -3.244729712605476379e-03 1.023192238062620163e-02 7.385491626337170601e-04 1.000001192092895508e+00 -1.164719797088764608e-04 1.119534485042095184e-02 3.245256841182708740e-03 1.120776432799175382e-04 9.999955296516418457e-01 -2.185525655746459961e+00 0.000000000000000000e+00 0.000000000000000000e+00 0.000000000000000000e+00 1.000000000000000000e+00
9.999901652336120605e-01 5.969015182927250862e-04 -4.489641170948743820e-03 1.491629052907228470e-02 -5.876760696992278099e-04 9.999984502792358398e-01 1.895022462122142315e-03 2.072702534496784210e-02 4.491379950195550919e-03 -1.892491942271590233e-03 9.999902248382568359e-01 -2.172306299209594727e+00 0.000000000000000000e+00 0.000000000000000000e+00 0.000000000000000000e+00 1.000000000000000000e+00
9.999961853027343750e-01 1.721817068755626678e-03 -2.555063925683498383e-03 1.076995115727186203e-02 -1.715816208161413670e-03 9.999953508377075195e-01 2.246136544272303581e-03 2.328373119235038757e-02 2.559188287705183029e-03 -2.238749293610453606e-03 9.999939799308776855e-01 -2.160077571868896484e+00 0.000000000000000000e+00 0.000000000000000000e+00 0.000000000000000000e+00 1.000000000000000000e+00
9.999862909317016602e-01 -2.475541085004806519e-03 -5.048962309956550598e-03 1.081289444118738174e-02 2.488008700311183929e-03 9.999933838844299316e-01 2.463648095726966858e-03 1.784314587712287903e-02 5.043155513703823090e-03 -2.476848661899566650e-03 9.999834299087524414e-01 -2.162651538848876953e+00 0.000000000000000000e+00 0.000000000000000000e+00 0.000000000000000000e+00 1.000000000000000000e+00
9.999899268150329590e-01 2.463723765686154366e-03 -3.713982412591576576e-03 5.919963121414184570e-03 -2.471711253747344017e-03 9.999973773956298828e-01 -2.060643630102276802e-03 1.972123794257640839e-02 3.709577955305576324e-03 2.064988715574145317e-03 9.999915361404418945e-01 -2.151182889938354492e+00 0.000000000000000000e+00 0.000000000000000000e+00 0.000000000000000000e+00 1.000000000000000000e+00
9.999868273735046387e-01 -4.872834309935569763e-03 -1.541222212836146355e-03 3.518601413816213608e-03 4.870359320193529129e-03 9.999855160713195801e-01 -1.597524620592594147e-03 1.408897526562213898e-02 1.549090491607785225e-03 1.592487678863108158e-03 9.999932646751403809e-01 -2.192798852920532227e+00 0.000000000000000000e+00 0.000000000000000000e+00 0.000000000000000000e+00 1.000000000000000000e+00
9.999981522560119629e-01 1.000607153400778770e-03 1.783814950613304973e-04 2.564097754657268524e-03 -1.000740216113626957e-03 9.999977350234985352e-01 -7.632173364982008934e-04 1.781630888581275940e-02 -1.790875976439565420e-04 7.648980827070772648e-04 9.999976158142089844e-01 -2.176071405410766602e+00 0.000000000000000000e+00 0.000000000000000000e+00 0.000000000000000000e+00 1.000000000000000000e+00
9.999998211860656738e-01 -3.505556378513574600e-04 8.793459855951368809e-04 2.632163232192397118e-03 3.504581691231578588e-04 1.000000357627868652e+00 -1.125569997384445742e-05 1.802506670355796814e-02 -8.779821800999343395e-04 1.156133748736465350e-05 1.000002384185791016e+00 -2.188498735427856445e+00 0.000000000000000000e+00 0.000000000000000000e+00 0.000000000000000000e+00 1.000000000000000000e+00
9.999921917915344238e-01 -4.052702803164720535e-03 -3.305184945929795504e-04 3.871660912409424782e-03 4.053579643368721008e-03 9.999935626983642578e-01 -2.777075569611042738e-04 1.716805063188076019e-02 3.327632148284465075e-04 2.739140763878822327e-04 1.000001549720764160e+00 -2.328248977661132812e+00 0.000000000000000000e+00 0.000000000000000000e+00 0.000000000000000000e+00 1.000000000000000000e+00
9.999994039535522461e-01 -4.648003668989986181e-04 9.676008485257625580e-04 7.862832397222518921e-03 4.657192330341786146e-04 1.000002264976501465e+00 8.728242246434092522e-04 1.761515624821186066e-02 -9.683177340775728226e-04 -8.744405931793153286e-04 9.999990463256835938e-01 -1.239119887351989746e+00 0.000000000000000000e+00 0.000000000000000000e+00 0.000000000000000000e+00 1.000000000000000000e+00
1.000001668930053711e+00 1.177490557893179357e-04 -3.315705907880328596e-05 2.895246725529432297e-03 -1.182660125778056681e-04 1.000000238418579102e+00 5.906162186875008047e-05 1.635422371327877045e-02 3.425735485507175326e-05 -5.891651380807161331e-05 1.000002264976501465e+00 -9.399077892303466797e-01 0.000000000000000000e+00 0.000000000000000000e+00 0.000000000000000000e+00 1.000000000000000000e+00
9.999981522560119629e-01 -1.247645006515085697e-03 4.043679218739271164e-04 7.407046854496002197e-03 1.246643485501408577e-03 9.999994039535522461e-01 6.369961192831397057e-04 8.930043317377567291e-03 -4.036297614220529795e-04 -6.370887858793139458e-04 9.999994635581970215e-01 -1.044644832611083984e+00 0.000000000000000000e+00 0.000000000000000000e+00 0.000000000000000000e+00 1.000000000000000000e+00
